# Created by Octave 4.2.2, Fri Feb 01 16:37:20 2019 MST <russell@felix>
# name: fractions
# type: matrix
# rows: 10
# columns: 3
 0.4488321940104167 0.48773193359375 0.4644978841145833
 0.5113932291666666 0.49151611328125 0.4920450846354167
 0.4897054036458333 0.47711181640625 0.4801432291666667
 0.4643961588541667 0.4702351888020833 0.45599365234375
 0.4446004231770833 0.4495442708333333 0.44586181640625
 0.4226888020833333 0.4259236653645833 0.4309895833333333
 0.4022420247395833 0.40185546875 0.4022623697916667
 0.3734537760416667 0.3690388997395833 0.3683268229166667
 0.3285929361979167 0.3295491536458333 0.3265584309895833
 0.2635701497395833 0.2667643229166667 0.2654215494791667


# name: Ks
# type: matrix
# rows: 1
# columns: 10
 8 16 32 64 128 256 512 1024 2048 4096


