# Created by Octave 4.2.2, Fri Feb 01 16:48:51 2019 MST <russell@felix>
# name: fractions
# type: matrix
# rows: 10
# columns: 3
 0.4638468424479167 0.4749552408854167 0.474365234375
 0.4758097330729167 0.4759318033854167 0.484375
 0.4838460286458333 0.4878946940104167 0.4851277669270833
 0.4689534505208333 0.4652303059895833 0.4630940755208333
 0.4548746744791667 0.4541829427083333 0.45172119140625
 0.44317626953125 0.4442342122395833 0.4406941731770833
 0.42156982421875 0.4214884440104167 0.4258626302083333
 0.3996988932291667 0.3976236979166667 0.3982340494791667
 0.3563028971354167 0.3577880859375 0.3604532877604167
 0.2755940755208333 0.27508544921875 0.2752278645833333


# name: Ks
# type: matrix
# rows: 1
# columns: 10
 8 16 32 64 128 256 512 1024 2048 4096


