# Created by Octave 4.2.2, Fri Feb 01 16:52:26 2019 MST <russell@felix>
# name: fractions
# type: matrix
# rows: 10
# columns: 3
 0.4574178059895833 0.48260498046875 0.47784423828125
 0.4801228841145833 0.4863484700520833 0.4742024739583333
 0.4928995768229167 0.48199462890625 0.4841105143229167
 0.4657389322916667 0.4591471354166667 0.4748128255208333
 0.4589436848958333 0.4566243489583333 0.45361328125
 0.4427490234375 0.4394734700520833 0.45172119140625
 0.4288126627604167 0.4222615559895833 0.42529296875
 0.4040120442708333 0.3932698567708333 0.4016520182291667
 0.3605143229166667 0.3561808268229167 0.36328125
 0.2747599283854167 0.2806396484375 0.2721964518229167


# name: Ks
# type: matrix
# rows: 1
# columns: 10
 8 16 32 64 128 256 512 1024 2048 4096


