# Created by Octave 4.2.2, Fri Feb 01 16:22:50 2019 MST <russell@felix>
# name: fractions
# type: matrix
# rows: 10
# columns: 3
 0.4639485677083333 0.4893798828125 0.4824015299479167
 0.4828898111979167 0.4875081380208333 0.48931884765625
 0.46710205078125 0.48236083984375 0.48663330078125
 0.4661661783854167 0.46881103515625 0.46331787109375
 0.4427083333333333 0.4414876302083333 0.4390055338541667
 0.42889404296875 0.42791748046875 0.425537109375
 0.4017537434895833 0.3994140625 0.404541015625
 0.3683064778645833 0.3688151041666667 0.3686726888020833
 0.32952880859375 0.3262532552083333 0.3274129231770833
 0.2600301106770833 0.2625935872395833 0.2605387369791667


# name: Ks
# type: matrix
# rows: 1
# columns: 10
 8 16 32 64 128 256 512 1024 2048 4096


