# Created by Octave 4.2.2, Fri Feb 01 17:05:22 2019 MST <russell@felix>
# name: fractions
# type: matrix
# rows: 10
# columns: 3
 0.5391845703125 0.5001424153645834 0.4509073893229167
 0.489013671875 0.4970906575520833 0.51531982421875
 0.46630859375 0.4698282877604167 0.47418212890625
 0.4604288736979167 0.4601236979166667 0.46002197265625
 0.4486287434895833 0.4494832356770833 0.444580078125
 0.4275309244791667 0.4299723307291667 0.42071533203125
 0.4068806966145833 0.4047648111979167 0.4049479166666667
 0.37359619140625 0.37261962890625 0.36773681640625
 0.3299763997395833 0.32879638671875 0.329833984375
 0 0 0


# name: Ks
# type: matrix
# rows: 1
# columns: 10
 8 16 32 64 128 256 512 1024 2048 4096


