# Created by Octave 4.2.2, Fri Feb 01 16:07:38 2019 MST <russell@felix>
# name: fractions
# type: matrix
# rows: 10
# columns: 3
 0.47601318359375 0.465087890625 0.4539998372395833
 0.5026448567708334 0.4999186197916667 0.5048014322916666
 0.4850667317708333 0.4865519205729167 0.4803466796875
 0.4670817057291667 0.4645182291666667 0.47137451171875
 0.4532063802083333 0.4463094075520833 0.4410400390625
 0.4242350260416667 0.4254557291666667 0.4241536458333333
 0.4043172200520833 0.4013264973958333 0.4019571940104167
 0.3682454427083333 0.372314453125 0.3726806640625
 0.32562255859375 0.3253377278645833 0.3261922200520833
 0.26226806640625 0.2598876953125 0.2603759765625


# name: Ks
# type: matrix
# rows: 1
# columns: 10
 8 16 32 64 128 256 512 1024 2048 4096


